0.070120 110
14.751397 4
0.504058 10
0.343424 14
0.309113 10
0.289467 6
0.350866 14
0.351219 18
0.327915 15
0.270434 19
0.316307 15
0.285650 12
0.252179 8
0.274522 6
0.268008 54
0.304127 200
0.694229 242
0.880295 54
7.968009 4
0.487749 4
1.159124 11
24.553995 2
0.000577 2
0.000387 88
0.000799 110
21.266997 1
0.591090 1
0.288506 76
0.000083 110
15.083888 2
0.361252 50
2.962948 1
1.015494 1
0.376940 3
1.005090 1
0.499719 1
0.032878 1
0.025753 1
0.031348 1
0.030371 240
0.031242 1
0.033662 1
0.025856 1
0.034295 1
0.039119 1
0.018950 1
0.046646 1
0.021310 1
0.033806 1
0.014446 1
0.029639 1
0.034510 1
0.047169 1
0.014495 1
0.025492 1
0.035181 1
0.023867 1
0.035290 1
0.026381 1
0.625798 3
0.695734 204
0.307481 207
0.583524 14
0.001364 11
0.000252 110
7.451796 1
0.138198 1
0.366168 1
0.183189 1
0.103002 11
0.000776 290
55.850908 1
0.092839 1
0.323669 1
0.160090 1
0.295065 1
0.092748 1
0.172096 1
1.000915 1
0.168033 1
0.208421 1
0.772077 1
0.310025 1
4.179972 1
1.945022 1
0.131552 1
0.754677 1
0.115886 1
0.260158 1
0.708941 11
0.017350 52
0.001008 110
21.169219 18
0.622929 25
0.475778 54
0.735290 234
0.474046 50
0.414773 242
0.392526 10
0.439597 14
0.384636 10
0.372970 6
0.361606 14
2.238609 4
0.181683 4
2.648690 16
0.534021 15
0.991497 1
0.175704 1
0.256311 1
0.900990 11
0.623581 7
0.849956 3
0.174171 3
0.164319 3
0.477576 4
0.182457 1
0.342263 11
0.000851 110
3.834095 11
0.498691 29
0.619310 25
0.385764 54
0.453558 242
0.365317 11
0.000410 186
0.000070 102
21.491784 1
0.227047 1
0.195769 11
0.000082 16
0.000017 2
0.000012 30
0.000013 2
0.000016 6
0.000012 2
2.940282 2
0.001448 2
0.000067 110
2.473625 1
0.145344 1
0.364670 1
0.122628 1
0.129693 101
0.000605 110
2.842564 1
0.465755 4
0.194434 1
0.089671 1
0.232292 69
0.965954 2
0.002067 112
3.108768 2
0.626923 6
0.561548 11
0.000568 110
4.429968 1
0.149454 1
0.273132 1
0.198308 1
0.183269 11
0.000017 4
0.000232 2
