0.063975 110
129.255456 1
0.158522 1
0.099553 1
0.251161 1
0.172489 1
0.902321 11
0.000979 100
3.868644 1
0.155790 1
0.394931 1
0.568885 1
0.142352 1
1.760674 1
0.789797 1
0.200796 1
1.353600 1
0.700447 1
0.198341 1
1.599231 1
0.670933 1
0.168688 1
0.256249 1
2.303604 1
0.180843 1
0.643561 1
0.230811 1
3.316337 1
5.278591 1
0.190246 1
0.360766 1
0.523763 1
0.261228 1
0.238185 1
0.232618 1
3.105789 1
0.355948 1
0.444718 1
0.209814 1
0.945614 11
1.330190 100
23.722721 1
0.128421 1
0.282229 1
0.130813 1
2.620122 4
0.182629 4
0.118401 4
0.106898 4
0.101771 1
0.508015 2
0.046317 1
0.111677 1
0.772693 1
0.453114 4
0.303003 1
2.020380 1
0.268682 3
1.006247 1
0.190559 11
0.000623 110
1.467946 1
0.079510 1
0.285086 1
0.182407 1
0.572492 1
0.765254 1
0.146060 11
0.513463 11
0.008772 4095
0.000378 1240
11.089268 1
0.163578 1
0.182941 1
0.101884 1
0.233545 1
0.776995 1
0.074935 1
0.192343 1
0.171618 11
0.013982 575
0.014322 60
0.002232 110
7.767467 1
0.213200 1
0.194346 1
0.108746 1
0.643969 1
0.241825 1
0.196844 1
0.224934 1
0.145100 1
0.437884 11
0.025600 110
1.539320 1
0.199503 1
0.242309 1
0.148482 1
0.371163 1
0.241911 1
0.231869 1
0.182451 1
0.123656 1
0.254737 1
0.119451 1
0.417452 1
0.339196 1
0.236832 1
1.353163 1
0.129117 1
0.185646 1
0.217328 1
0.161177 11
0.037411 37
0.000602 326
0.002197 110
6.351359 1
0.145202 1
0.174152 1
0.457889 4
0.228992 1
0.224701 1
0.471495 4
0.171249 4
0.392188 1
0.241789 1
0.293854 1
1.484479 1
3.576805 1
0.301914 1
0.164186 1
0.236005 1
1.271840 1
2.782371 11
0.000942 11
0.000761 110
1.802417 11
0.475818 29
0.500268 23
0.371932 13
0.622515 4
0.500806 4
0.028568 4
0.031268 4
0.053564 4
0.025994 4
0.012772 4
0.038620 4
0.018767 1
2.177976 1
0.113341 1
0.436511 1
0.155802 1
0.136612 2
0.000046 9
0.001467 43
0.000019 110
11.035384 4
0.527701 15
0.580673 1
0.218115 1
1.528249 9
0.176368 9
1.726350 5
0.211705 5
0.159524 5
0.624027 11
0.001178 9
0.000057 2
0.000960 110
1.143571 12
0.507543 20
0.522562 11
0.000292 87
0.000584 110
10.225793 1
0.213132 1
0.356558 1
0.189443 1
0.297299 1
2.736826 1
1.125792 1
0.125863 1
1.685993 1
2.186763 1
0.190806 1
0.344900 11
0.000271 29
0.000452 110
1.098279 11
0.681132 4
0.154465 1
0.372661 11
0.000854 110
2.392224 11
0.339407 2
0.486293 19
0.680136 11
0.000031 85
0.000422 110
2.338588 4
0.521846 15
0.575627 1
0.161025 1
0.341318 1
0.657571 11
0.462329 7
0.258224 11
0.000784 8
0.000107 102
0.550818 11
0.340657 19
0.742702 11
0.000116 87
0.000497 110
1.596646 4
0.443570 15
0.659281 1
0.157177 1
0.187421 1
0.627983 11
0.325175 7
0.368879 11
0.000867 110
0.579816 11
0.351289 19
0.791519 11
0.000179 43
0.000535 42
0.001058 110
10.920901 1
0.424522 1
0.151152 1
0.199571 1
0.760236 1
0.311239 1
0.145977 1
0.172746 1
1.148070 1
0.362125 1
0.729313 1
0.928756 1
1.103166 1
0.290886 1
0.560397 1
0.184271 11
0.008608 3170
0.000054 121
0.000190 197
0.000260 267
0.000482 1659
0.015164 54
0.004933 31
0.003469 29
0.002101 45
0.000609 23
0.003222 78
0.002211 403
0.000945 1821
0.004309 116
0.000839 167
0.000182 270
0.000349 369
0.000020 16
0.004305 27
0.001112 28
0.003245 25
0.000138 487
0.000018 22
0.003559 320
0.000033 72
0.003363 47
0.000061 27
0.003551 52
0.000129 28
0.003606 548
0.000059 22
0.003021 287
0.000041 25
0.003399 277
0.000246 25
0.002618 34
0.004320 34
0.002274 9
0.000025 25
0.003724 34
0.003462 23
0.000166 25
0.004146 481
0.000301 25
0.003655 20
0.000723 25
0.004117 9
0.001428 2
0.001048 23
0.004071 34
0.003605 22
0.000103 21
0.000027 2
0.003354 7
0.000050 2
0.000210 2
0.000015 21
0.000010 2
0.002053 20
0.000073 2
0.000257 2
0.000031 21
0.000011 2
0.002853 197
0.000165 25
0.004447 9
0.000861 25
0.003485 144
0.000087 25
0.003215 43
0.002528 239
0.003431 7
0.000042 65
0.001327 195
0.000447 25
0.003672 208
0.003353 88
0.002979 26
0.000047 25
0.002577 9
0.000253 25
0.002676 9
0.000184 25
0.003166 34
0.001898 89
0.000055 25
0.003640 59
0.003038 34
0.004756 116
0.000824 9
0.000272 25
0.003524 34
0.003494 34
0.003601 538
0.003824 43
0.002640 34
0.004151 178
0.002544 34
0.002766 9
0.000114 25
0.001896 51
0.002519 9
0.000056 25
0.004520 34
0.003625 25
0.002727 138
0.003799 1472
0.002181 44
0.002694 21
0.003917 990
0.004254 73
0.001648 72
0.000392 43
0.003083 31
0.005532 213
0.004944 18
0.003084 4
0.000091 37
0.001837 42
0.003531 38
0.000969 770
0.000045 14
0.000739 25
0.004332 68
0.000096 273
0.000573 24
0.004570 35
0.002653 11
0.000129 2
0.000185 2
0.000030 10
0.000018 2
0.003996 67
0.000236 2
0.000396 2
0.000045 33
0.000018 2
0.004189 36
0.000080 2
0.000256 2
0.000023 32
0.000018 2
0.006488 102
0.001788 24
0.000166 68
0.000247 22
0.001999 39
0.002597 14
0.000391 28
0.002654 102
0.001957 6
0.000186 22
0.002184 11
0.000048 73
0.000375 2466
0.000894 2761
0.000042 192
0.002182 20
0.000174 23
0.002204 14
0.000588 134
0.000304 19
0.004228 75
0.004216 63
0.002602 93
0.005439 53
0.002825 186
0.002130 72
0.000038 32
0.000214 36
0.000021 2
0.000403 2
0.000524 14
0.002513 165
0.000101 45
0.003309 83
0.005154 29
0.002983 36
0.004203 14
0.000080 12
0.003664 31
0.000293 505
0.005498 102
0.002903 31
0.002571 33
0.003991 178
0.002059 47
0.005041 42
0.003256 46
0.003177 48
0.004829 43
0.001140 44
0.002269 46
0.003140 41
0.003678 39
0.002054 24
0.002460 23
0.002769 157
0.003294 30
0.002961 38
0.002327 24
0.002835 70
0.003711 27
0.001899 103
0.000063 25
0.002796 59
0.002901 31
0.003644 33
0.003027 124
0.005021 37
0.004703 21
0.002913 40
0.003210 39
0.003794 18
0.002189 72
0.002779 52
0.005052 270
0.002758 49
0.002588 303
0.000158 162
0.000319 27
0.002448 70
0.002663 59
0.004725 122
0.002305 66
0.000463 39
0.003027 40
0.002115 39
0.002967 42
0.003104 35
0.003830 40
0.003610 312
0.003224 48
0.004467 80
0.003141 41
0.002023 57
0.003349 118
0.002941 24
0.003497 13
0.003264 603
0.002921 32
0.000186 18
0.003284 46
0.000249 243
0.004749 29
0.005860 67
0.000076 155
0.003282 58
0.002466 197
0.002956 41
0.002603 21
0.005865 39
0.000317 2
0.003082 23
0.002666 19
0.003855 446
0.002500 68
0.003945 2345
0.002293 274
0.002834 1754
0.000134 30
0.004656 51
0.002347 14
0.002376 68
0.000240 26
0.004759 32
0.000057 2
0.000703 28
0.004688 46
0.003235 44
0.004036 44
0.003155 14
0.000629 30
0.004899 44
0.001406 42
0.003527 38
0.002318 32
0.000892 35
0.003977 12
0.000048 35
0.003558 563
0.000101 61
0.002929 2446
0.000120 130
0.001021 3416
0.000139 440
0.000376 1695
0.000194 50
0.002643 67
0.000518 583
0.000042 265
0.000207 1631
0.000148 85
0.004582 145
0.003298 232
0.001990 245
0.000283 350
0.000379 1340
0.000074 42
0.004795 166
0.004107 420
0.003546 492
0.003722 13
0.003102 35
0.002869 76
0.003987 22
0.002305 33
0.003078 79
0.000299 243
0.005368 423
0.003315 63
0.000370 19
0.002338 13
0.000431 24
0.002876 19
0.000079 25
0.002640 72
0.000306 17
0.003422 25
0.003734 22
0.002476 32
0.003639 36
0.000085 331
0.002754 135
0.000469 1459
0.002055 52
0.000219 32
0.002027 65
0.003490 135
