0.072185 110
13.281835 55
2.375734 400
0.502060 4
0.033693 4
0.026062 4
0.029981 4
0.032112 4
0.030558 4
0.027501 4
0.032311 4
0.028051 4
0.029223 4
0.033789 4
0.029361 4
0.036522 4
0.026854 4
0.034692 4
0.028783 4
0.022541 4
0.029247 4
0.027995 4
0.033549 4
0.027079 4
0.032966 4
0.025474 4
0.041205 4
0.027343 4
0.032548 4
0.021314 4
0.029024 4
0.032017 4
0.035667 4
0.023197 4
0.029320 4
0.028326 4
0.034092 4
0.027224 4
0.040723 4
0.032414 4
0.057112 4
0.007392 4
0.025306 4
0.030424 4
0.028200 4
0.030114 4
0.033381 1
0.033474 1
0.351586 1
0.007139 1
17.600410 2
4.520550 61
0.422358 34
0.092430 112
20.421669 4
0.177753 1
0.630882 1
1.686038 1
0.140299 1
0.496866 1
0.203511 1
0.173825 1
0.133479 1
0.896398 1
0.160178 1
0.152236 1
0.093427 1
1.176717 1
0.171668 1
0.297462 1
0.138016 1
0.631214 1
0.482794 1
0.267829 1
0.233632 1
0.180029 1
0.175149 1
1.043382 1
0.414037 1
0.157152 1
1.041442 1
0.216252 1
0.368699 1
0.166713 1
0.191325 1
0.839070 1
0.169059 1
0.337863 1
1.113604 1
0.157585 1
0.817281 1
0.404232 1
0.190544 1
0.158907 1
1.052108 1
0.272535 1
1.045054 4
0.300660 1
3.994955 1
2.245656 1
0.109453 1
0.422813 3
0.181009 1
0.297800 1
0.168761 1
1.491970 1
1.155707 11
52.181494 2
0.000994 90
0.000580 110
54.143012 1
0.141362 1
0.399628 11
0.000548 65
0.000711 110
6.800939 1
0.196275 1
1.243420 1
0.241729 1
0.203081 11
0.423737 554
0.063686 110
1.179001 4
0.546024 1
0.201664 1
0.343181 9
0.420035 5
0.465991 2
0.000039 9
0.000347 90
0.000354 110
22.676852 1
2.311089 1
0.150284 1
0.204390 1
0.160442 1
1.283467 1
0.497490 4
0.152355 4
0.503097 4
0.027792 4
0.032797 4
0.030577 4
0.026144 1
0.497884 1
0.906765 1
0.421679 1
0.970008 3
0.364439 3
0.223331 3
0.227915 3
0.186624 3
0.177262 3
0.715529 3
0.097386 3
0.267996 3
0.130684 3
0.407059 3
0.177975 3
1.560022 3
0.199419 3
0.158145 3
0.376942 3
0.213146 3
0.267692 3
0.179815 3
1.476429 3
0.338609 3
0.420509 3
0.802849 3
0.896680 3
2.503963 3
0.405962 3
0.163380 3
0.181030 3
0.857242 3
0.186285 3
0.264180 3
1.318812 3
0.155403 3
0.309307 3
0.396329 3
0.312044 3
0.169646 3
0.172945 3
0.793454 3
0.330081 3
0.824976 3
0.208351 238
0.587854 3
0.227352 3
0.436453 3
0.176967 3
2.564491 3
0.509318 1
1.299876 1
2.496536 22
0.000465 8
0.000019 102
2.600128 1
0.488303 30
0.000245 8
0.000058 102
34.173370 1
0.576817 30
0.000357 110
11.528637 50
6.534429 1
0.858171 30
0.000019 8
0.000034 102
9.227219 50
1.266741 4
2.821569 1
1.384038 1
0.502557 1
0.032992 1
0.026778 1
0.029984 1
0.029811 1
0.030560 240
0.029887 1
0.030323 1
0.030976 1
0.033414 1
0.029143 1
0.031022 1
0.024228 1
0.169521 1
0.153243 1
0.133555 1
0.135002 1
0.136600 1
0.117926 1
0.139457 1
0.123580 1
0.139498 1
0.105297 1
0.141631 1
0.671132 204
0.372819 207
0.622108 5
0.000054 9
0.001928 11
0.000439 110
31.898635 1
0.152997 1
0.265418 1
0.149612 1
0.241651 11
0.000310 94
0.000200 110
31.756091 1
0.213868 1
0.206648 1
0.189782 1
0.311398 1
0.405489 1
0.379071 1
1.623485 11
0.000088 11
0.000010 10
0.000208 1
0.000019 11
0.000010 1
0.000230 10
0.000020 1
0.000016 11
0.000015 2
0.000058 11
0.000025 1
0.000396 783
0.000116 110
5.277334 7
1.316200 4
0.866522 1
1.129967 1
2.338832 1
1.930045 1
0.233112 165
3.213938 9
0.758977 1
0.187146 1
0.229818 1
1.456054 7
0.155241 7
0.797365 19
0.000455 102
8.567742 1
0.184109 1
0.631046 1
0.138876 1
0.153398 11
0.000281 268
0.001539 110
31.614249 4
0.410448 15
0.632672 1
0.189405 1
0.132595 1
0.860039 11
0.857794 7
0.568610 11
0.000863 110
17.989976 1
0.203134 1
0.876561 1
0.112503 1
0.330070 11
0.000325 270
0.000241 110
24.311758 1
0.175112 1
0.114704 1
0.202782 1
0.726011 1
1.454325 1
0.649214 1
0.944062 1
0.320797 1
1.035210 4
1.106698 1
0.285377 1
0.392073 121
2.290498 10
0.214765 18
0.514636 277
0.000607 110
7.979580 1
0.091578 1
0.298550 69
1.778727 2
0.002389 112
4.350928 2
0.269290 6
0.512230 14
0.528488 18
0.172262 121
18.467577 1
0.135456 1
0.167491 1
0.103506 1
0.210276 1
0.319692 1
0.223749 2
0.000383 9
0.011189 110
13.128761 1
0.120293 1
0.637138 1
0.210696 1
0.411120 11
0.000192 6
